1,0,0,0,0,4.0578e-24,2.3048e-24,-2.9926e-24,-0.70711,1.6136e-23,0.70711,-7.2305e-24,-1,1.5589e-23,0.70711,5.9106e-24,0.70711
2,0.020028,0,0,0,0.0047226,-0.00011102,0.0047159,-0.70637,-0.022751,0.70748,-0.0076608,-0.99918,-0.03978,0.7078,-0.033519,0.70561
3,0.040056,0,0,0,0.0094488,-0.00045056,0.0094172,-0.70582,-0.043716,0.70704,-0.017652,-0.9967,-0.079248,0.70817,-0.068415,0.70272
4,0.060083,0,0,0,0.014176,-0.0010267,0.014094,-0.70549,-0.062843,0.70593,-0.029781,-0.99255,-0.11812,0.7081,-0.10436,0.69836
5,0.080111,0,0,0,0.018901,-0.0018454,0.018737,-0.70535,-0.080105,0.70432,-0.043844,-0.98676,-0.15614,0.7075,-0.14101,0.6925
6,0.10173,0,0,0,0.023996,-0.0030057,0.023701,-0.70542,-0.096645,0.70217,-0.060953,-0.97872,-0.19594,0.70617,-0.18102,0.68451
7,0.12336,0,0,0,0.029078,-0.0044548,0.0286,-0.70565,-0.11104,0.6998,-0.079793,-0.96891,-0.23419,0.70405,-0.2211,0.67485
8,0.14498,0,0,0,0.034142,-0.006192,0.033424,-0.70602,-0.12333,0.69737,-0.10009,-0.95746,-0.27066,0.70109,-0.26089,0.66364
9,0.16661,0,0,0,0.039182,-0.0082139,0.038163,-0.70645,-0.13361,0.69504,-0.12157,-0.94452,-0.30514,0.69725,-0.30006,0.65101
10,0.1882,0,0,0,0.044185,-0.010512,0.0428,-0.70688,-0.14197,0.69294,-0.14393,-0.93028,-0.33743,0.69253,-0.33826,0.63716
11,0.2098,0,0,0,0.04915,-0.013081,0.047334,-0.70725,-0.14855,0.69118,-0.16696,-0.91493,-0.36747,0.68696,-0.37529,0.62228
12,0.2314,0,0,0,0.054073,-0.015912,0.051757,-0.7075,-0.15346,0.68985,-0.1904,-0.89866,-0.39517,0.68058,-0.41093,0.60658
13,0.253,0,0,0,0.058947,-0.018994,0.056065,-0.70756,-0.15684,0.68902,-0.21403,-0.88169,-0.42049,0.67346,-0.445,0.59028
14,0.27649,0,0,0,0.064188,-0.022617,0.060617,-0.70736,-0.15896,0.68875,-0.23972,-0.86269,-0.44531,0.66496,-0.4801,0.57213
15,0.29999,0,0,0,0.06936,-0.026508,0.065026,-0.70682,-0.15963,0.68914,-0.26516,-0.84339,-0.46732,0.65582,-0.51304,0.5538
16,0.32349,0,0,0,0.074459,-0.030647,0.069291,-0.7059,-0.15903,0.69023,-0.29013,-0.82406,-0.48658,0.64617,-0.54373,0.53557
17,0.34698,0,0,0,0.07948,-0.035018,0.073415,-0.70457,-0.15732,0.69198,-0.31445,-0.80495,-0.50317,0.63617,-0.57211,0.51767
18,0.37268,0,0,0,0.084881,-0.040042,0.077767,-0.70261,-0.15439,0.69463,-0.34013,-0.78458,-0.51841,0.62503,-0.6005,0.49874
19,0.39838,0,0,0,0.090187,-0.045297,0.081961,-0.70012,-0.15052,0.69798,-0.36469,-0.76503,-0.53078,0.61387,-0.62615,0.48072
20,0.42408,0,0,0,0.095397,-0.05076,0.086005,-0.69712,-0.14589,0.70196,-0.38799,-0.74656,-0.54047,0.6029,-0.64912,0.46384
21,0.44977,0,0,0,0.10052,-0.056408,0.08991,-0.69361,-0.14065,0.70648,-0.40994,-0.72938,-0.54768,0.59233,-0.66949,0.44825
22,0.47707,0,0,0,0.10586,-0.062588,0.093919,-0.68938,-0.13457,0.71179,-0.4317,-0.71274,-0.55285,0.58172,-0.6884,0.43326
23,0.50437,0,0,0,0.1111,-0.068928,0.0978,-0.68467,-0.12807,0.71751,-0.45178,-0.69793,-0.55568,0.57194,-0.70462,0.41999
24,0.53167,0,0,0,0.11627,-0.075404,0.10157,-0.67954,-0.12127,0.72354,-0.47017,-0.6851,-0.5564,0.56317,-0.71829,0.40853
25,0.55897,0,0,0,0.12136,-0.081992,0.10524,-0.67405,-0.11426,0.72979,-0.48683,-0.67433,-0.55522,0.55556,-0.72953,0.39891
26,0.58758,0,0,0,0.12662,-0.088995,0.109,-0.66798,-0.10674,0.73648,-0.50245,-0.66535,-0.55214,0.54895,-0.73886,0.39081
27,0.61619,0,0,0,0.13183,-0.096075,0.1127,-0.66165,-0.099103,0.74323,-0.51618,-0.65875,-0.54736,0.54385,-0.74581,0.38471
28,0.6448,0,0,0,0.137,-0.10321,0.11635,-0.65513,-0.091387,0.74997,-0.52807,-0.65454,-0.54104,0.54033,-0.75049,0.38055
29,0.67341,0,0,0,0.14214,-0.11038,0.11996,-0.64847,-0.083607,0.75664,-0.53812,-0.65269,-0.53331,0.53844,-0.753,0.37826
30,0.70143,0,0,0,0.14717,-0.11742,0.12349,-0.64185,-0.075931,0.76306,-0.54623,-0.65313,-0.52446,0.5382,-0.75343,0.37774
31,0.72944,0,0,0,0.1522,-0.12445,0.12702,-0.63519,-0.068191,0.76934,-0.55265,-0.65571,-0.51441,0.53954,-0.75193,0.37882
32,0.75746,0,0,0,0.15725,-0.13145,0.13057,-0.62851,-0.060369,0.77546,-0.55743,-0.66034,-0.50321,0.54245,-0.74853,0.38138
33,0.78548,0,0,0,0.16233,-0.13842,0.13415,-0.62182,-0.052438,0.7814,-0.5606,-0.66692,-0.49086,0.54688,-0.74328,0.38531
34,0.81229,0,0,0,0.16724,-0.14503,0.13761,-0.61541,-0.044709,0.78693,-0.56216,-0.67492,-0.47798,0.55249,-0.73654,0.39022
35,0.83911,0,0,0,0.17221,-0.15158,0.14113,-0.60901,-0.036806,0.79231,-0.56233,-0.68445,-0.46403,0.55937,-0.72813,0.39614
36,0.86592,0,0,0,0.17725,-0.15804,0.1447,-0.60259,-0.028679,0.79753,-0.56114,-0.69537,-0.44899,0.56745,-0.71808,0.40293
37,0.89274,0,0,0,0.18236,-0.16441,0.14833,-0.59615,-0.020273,0.80261,-0.55865,-0.70752,-0.43282,0.57664,-0.70641,0.41046
38,0.91955,0,0,0,0.18756,-0.17067,0.15204,-0.58967,-0.011524,0.80756,-0.55492,-0.72073,-0.41547,0.58682,-0.69312,0.4186
39,0.94637,0,0,0,0.19285,-0.1768,0.15582,-0.58311,-0.0023587,0.81239,-0.55,-0.73482,-0.39691,0.5979,-0.67826,0.42718
40,0.97318,0,0,0,0.19825,-0.18279,0.15967,-0.57645,0.0073006,0.8171,-0.54398,-0.7496,-0.37708,0.60974,-0.66185,0.43608
41,1,0,0,0,0.20375,-0.18862,0.16361,-0.56967,0.01754,0.82169,-0.53695,-0.76485,-0.35594,0.62222,-0.64397,0.44513
1,0,0,0,0,-9.8816e-25,2.2125e-24,-6.8537e-25,0.70711,2.5966e-24,0.70711,3.1828e-24,-1,4.894e-25,0.70711,1.9045e-24,-0.70711
2,0.020028,0,0,0,0.0047226,-0.00011102,-0.0047159,0.70637,0.022751,0.70748,-0.0076608,-0.99918,0.03978,0.7078,-0.033519,-0.70561
3,0.040056,0,0,0,0.0094488,-0.00045056,-0.0094172,0.70582,0.043716,0.70704,-0.017652,-0.9967,0.079248,0.70817,-0.068415,-0.70272
4,0.060083,0,0,0,0.014176,-0.0010267,-0.014094,0.70549,0.062843,0.70593,-0.029781,-0.99255,0.11812,0.7081,-0.10436,-0.69836
5,0.080111,0,0,0,0.018901,-0.0018454,-0.018737,0.70535,0.080105,0.70432,-0.043844,-0.98676,0.15614,0.7075,-0.14101,-0.6925
6,0.10173,0,0,0,0.023996,-0.0030057,-0.023701,0.70542,0.096645,0.70217,-0.060953,-0.97872,0.19594,0.70617,-0.18102,-0.68451
7,0.12336,0,0,0,0.029078,-0.0044548,-0.0286,0.70565,0.11104,0.6998,-0.079793,-0.96891,0.23419,0.70405,-0.2211,-0.67485
8,0.14498,0,0,0,0.034142,-0.006192,-0.033424,0.70602,0.12333,0.69737,-0.10009,-0.95746,0.27066,0.70109,-0.26089,-0.66364
9,0.16661,0,0,0,0.039182,-0.0082139,-0.038163,0.70645,0.13361,0.69504,-0.12157,-0.94452,0.30514,0.69725,-0.30006,-0.65101
10,0.1882,0,0,0,0.044185,-0.010512,-0.0428,0.70688,0.14197,0.69294,-0.14393,-0.93028,0.33743,0.69253,-0.33826,-0.63716
11,0.2098,0,0,0,0.04915,-0.013081,-0.047334,0.70725,0.14855,0.69118,-0.16696,-0.91493,0.36747,0.68696,-0.37529,-0.62228
12,0.2314,0,0,0,0.054073,-0.015912,-0.051757,0.7075,0.15346,0.68985,-0.1904,-0.89866,0.39517,0.68058,-0.41093,-0.60658
13,0.253,0,0,0,0.058947,-0.018994,-0.056065,0.70756,0.15684,0.68902,-0.21403,-0.88169,0.42049,0.67346,-0.445,-0.59028
14,0.27649,0,0,0,0.064188,-0.022617,-0.060617,0.70736,0.15896,0.68875,-0.23972,-0.86269,0.44531,0.66496,-0.4801,-0.57213
15,0.29999,0,0,0,0.06936,-0.026508,-0.065026,0.70682,0.15963,0.68914,-0.26516,-0.84339,0.46732,0.65582,-0.51304,-0.5538
16,0.32349,0,0,0,0.074459,-0.030647,-0.069291,0.7059,0.15903,0.69023,-0.29013,-0.82406,0.48658,0.64617,-0.54373,-0.53557
17,0.34698,0,0,0,0.07948,-0.035018,-0.073415,0.70457,0.15732,0.69198,-0.31445,-0.80495,0.50317,0.63617,-0.57211,-0.51767
18,0.37268,0,0,0,0.084881,-0.040042,-0.077767,0.70261,0.15439,0.69463,-0.34013,-0.78458,0.51841,0.62503,-0.6005,-0.49874
19,0.39838,0,0,0,0.090187,-0.045297,-0.081961,0.70012,0.15052,0.69798,-0.36469,-0.76503,0.53078,0.61387,-0.62615,-0.48072
20,0.42408,0,0,0,0.095397,-0.05076,-0.086005,0.69712,0.14589,0.70196,-0.38799,-0.74656,0.54047,0.6029,-0.64912,-0.46384
21,0.44977,0,0,0,0.10052,-0.056408,-0.08991,0.69361,0.14065,0.70648,-0.40994,-0.72938,0.54768,0.59233,-0.66949,-0.44825
22,0.47707,0,0,0,0.10586,-0.062588,-0.093919,0.68938,0.13457,0.71179,-0.4317,-0.71274,0.55285,0.58172,-0.6884,-0.43326
23,0.50437,0,0,0,0.1111,-0.068928,-0.0978,0.68467,0.12807,0.71751,-0.45178,-0.69793,0.55568,0.57194,-0.70462,-0.41999
24,0.53167,0,0,0,0.11627,-0.075404,-0.10157,0.67954,0.12127,0.72354,-0.47017,-0.6851,0.5564,0.56317,-0.71829,-0.40853
25,0.55897,0,0,0,0.12136,-0.081992,-0.10524,0.67405,0.11426,0.72979,-0.48683,-0.67433,0.55522,0.55556,-0.72953,-0.39891
26,0.58758,0,0,0,0.12662,-0.088995,-0.109,0.66798,0.10674,0.73648,-0.50245,-0.66535,0.55214,0.54895,-0.73886,-0.39081
27,0.61619,0,0,0,0.13183,-0.096075,-0.1127,0.66165,0.099104,0.74323,-0.51618,-0.65875,0.54736,0.54385,-0.74581,-0.38471
28,0.6448,0,0,0,0.137,-0.10321,-0.11635,0.65513,0.091387,0.74997,-0.52807,-0.65454,0.54104,0.54033,-0.75049,-0.38055
29,0.67341,0,0,0,0.14214,-0.11038,-0.11996,0.64847,0.083607,0.75664,-0.53812,-0.65269,0.53331,0.53844,-0.753,-0.37826
30,0.70143,0,0,0,0.14717,-0.11742,-0.12349,0.64185,0.075931,0.76306,-0.54623,-0.65313,0.52446,0.5382,-0.75343,-0.37774
31,0.72944,0,0,0,0.1522,-0.12445,-0.12702,0.63519,0.068191,0.76934,-0.55266,-0.65571,0.51441,0.53954,-0.75193,-0.37882
32,0.75746,0,0,0,0.15725,-0.13145,-0.13057,0.62851,0.060369,0.77546,-0.55743,-0.66034,0.50321,0.54245,-0.74853,-0.38138
33,0.78548,0,0,0,0.16233,-0.13842,-0.13415,0.62182,0.052438,0.7814,-0.5606,-0.66692,0.49086,0.54688,-0.74328,-0.38531
34,0.81229,0,0,0,0.16724,-0.14503,-0.13761,0.61541,0.044709,0.78693,-0.56216,-0.67492,0.47798,0.55249,-0.73654,-0.39022
35,0.83911,0,0,0,0.17221,-0.15158,-0.14113,0.60901,0.036806,0.79231,-0.56233,-0.68445,0.46403,0.55937,-0.72813,-0.39614
36,0.86592,0,0,0,0.17725,-0.15804,-0.1447,0.60259,0.02868,0.79753,-0.56114,-0.69537,0.44899,0.56745,-0.71808,-0.40293
37,0.89274,0,0,0,0.18236,-0.16441,-0.14833,0.59615,0.020273,0.80261,-0.55865,-0.70752,0.43282,0.57664,-0.70641,-0.41046
38,0.91955,0,0,0,0.18756,-0.17067,-0.15204,0.58967,0.011524,0.80756,-0.55492,-0.72073,0.41547,0.58682,-0.69312,-0.4186
39,0.94637,0,0,0,0.19285,-0.1768,-0.15582,0.58311,0.0023587,0.81239,-0.55,-0.73482,0.39691,0.5979,-0.67826,-0.42718
40,0.97318,0,0,0,0.19825,-0.18279,-0.15967,0.57645,-0.0073005,0.8171,-0.54398,-0.7496,0.37708,0.60974,-0.66185,-0.43608
41,1,0,0,0,0.20375,-0.18862,-0.16361,0.56967,-0.01754,0.82169,-0.53695,-0.76485,0.35594,0.62222,-0.64397,-0.44513
1,0,0,0,0,0.20375,-0.18862,0.16361,0.8237,-0.56646,-0.025356,-0.53695,-0.76485,-0.35594,0.18223,0.3068,-0.93417
2,0.020028,0,0,0,0.20493,-0.18663,0.15735,0.82694,-0.56183,-0.022856,-0.53551,-0.7745,-0.33672,0.17147,0.29068,-0.94133
3,0.040056,0,0,0,0.20604,-0.18474,0.15104,0.82999,-0.5574,-0.020587,-0.53399,-0.78338,-0.31808,0.16117,0.27499,-0.94784
4,0.060083,0,0,0,0.20709,-0.18295,0.14469,0.83285,-0.55319,-0.018528,-0.53242,-0.79153,-0.30001,0.15129,0.25973,-0.95376
5,0.080111,0,0,0,0.20806,-0.18127,0.13831,0.83553,-0.54919,-0.01666,-0.53082,-0.79902,-0.28249,0.14183,0.24487,-0.95913
6,0.10173,0,0,0,0.20905,-0.17956,0.13137,0.83824,-0.5451,-0.014838,-0.52908,-0.80641,-0.26417,0.13203,0.22929,-0.96436
7,0.12336,0,0,0,0.20997,-0.17796,0.1244,0.84075,-0.54126,-0.013197,-0.52734,-0.81313,-0.24644,0.12266,0.21416,-0.96907
8,0.14498,0,0,0,0.21082,-0.17647,0.1174,0.84308,-0.53766,-0.011721,-0.52564,-0.81923,-0.22928,0.11367,0.19946,-0.97329
9,0.16661,0,0,0,0.21161,-0.17509,0.11037,0.84523,-0.5343,-0.010392,-0.52397,-0.82476,-0.21265,0.10505,0.18518,-0.97707
10,0.1882,0,0,0,0.21233,-0.1738,0.10332,0.84722,-0.53117,-0.0091956,-0.52236,-0.82977,-0.19654,0.096764,0.17131,-0.98045
11,0.2098,0,0,0,0.213,-0.17262,0.096251,0.84904,-0.52827,-0.0081173,-0.52082,-0.83428,-0.1809,0.08879,0.15781,-0.98347
12,0.2314,0,0,0,0.21361,-0.17153,0.08916,0.8507,-0.5256,-0.007144,-0.51936,-0.83834,-0.16569,0.081099,0.14466,-0.98615
13,0.253,0,0,0,0.21417,-0.17053,0.08205,0.85222,-0.52315,-0.006264,-0.51798,-0.84198,-0.15089,0.073666,0.13184,-0.98853
14,0.27649,0,0,0,0.21472,-0.16955,0.074297,0.8537,-0.52074,-0.0054002,-0.51658,-0.84549,-0.13521,0.065845,0.11822,-0.9908
15,0.29999,0,0,0,0.2152,-0.16868,0.066527,0.85502,-0.51857,-0.0046216,-0.51531,-0.84857,-0.11993,0.058273,0.10493,-0.99277
16,0.32349,0,0,0,0.21563,-0.16791,0.058743,0.85618,-0.51666,-0.0039165,-0.51416,-0.85124,-0.10501,0.050921,0.091921,-0.99446
17,0.34698,0,0,0,0.216,-0.16724,0.050947,0.85718,-0.515,-0.0032745,-0.51315,-0.85353,-0.090398,0.04376,0.079168,-0.9959
18,0.37268,0,0,0,0.21634,-0.16662,0.042409,0.85811,-0.51346,-0.0026327,-0.51219,-0.85561,-0.074727,0.036117,0.065473,-0.9972
19,0.39838,0,0,0,0.21662,-0.16612,0.033861,0.85886,-0.51221,-0.0020423,-0.51141,-0.85729,-0.059326,0.028636,0.051997,-0.99824
20,0.42408,0,0,0,0.21683,-0.16573,0.025305,0.85944,-0.51124,-0.001492,-0.5108,-0.85857,-0.04414,0.021285,0.038698,-0.99902
21,0.44977,0,0,0,0.21699,-0.16545,0.016744,0.85985,-0.51055,-0.0009713,-0.51036,-0.85947,-0.029114,0.014029,0.025529,-0.99958
22,0.47707,0,0,0,0.21708,-0.16529,0.0076437,0.8601,-0.51013,-0.00043895,-0.51009,-0.86002,-0.013265,0.0063894,0.011633,-0.99991
23,0.50437,0,0,0,0.2171,-0.16524,-0.0014581,0.86016,-0.51002,8.3543e-05,-0.51002,-0.86016,0.0025292,-0.0012181,-0.0022181,-1
24,0.53167,0,0,0,0.21706,-0.16533,-0.010559,0.86004,-0.51023,0.00060791,-0.51015,-0.85989,0.018334,-0.0088318,-0.016078,-0.99983
25,0.55897,0,0,0,0.21694,-0.16554,-0.019658,0.85973,-0.51075,0.0011459,-0.51049,-0.8592,0.034214,-0.01649,-0.03,-0.99941
26,0.58758,0,0,0,0.21675,-0.16589,-0.029188,0.8592,-0.51164,0.0017374,-0.51105,-0.85803,0.051007,-0.024606,-0.044713,-0.9987
27,0.61619,0,0,0,0.21647,-0.16639,-0.038709,0.85846,-0.51288,0.0023714,-0.51183,-0.85639,0.068029,-0.03286,-0.059614,-0.99768
28,0.6448,0,0,0,0.21612,-0.16703,-0.048218,0.8575,-0.51448,0.003063,-0.51282,-0.85424,0.085356,-0.041297,-0.074763,-0.99635
29,0.67341,0,0,0,0.21568,-0.16782,-0.057714,0.85632,-0.51643,0.0038284,-0.51402,-0.85156,0.10306,-0.049964,-0.090223,-0.99467
30,0.70143,0,0,0,0.21518,-0.16873,-0.066996,0.85495,-0.5187,0.0046663,-0.51538,-0.8484,0.12085,-0.058723,-0.10572,-0.99266
31,0.72944,0,0,0,0.21458,-0.16979,-0.076257,0.85334,-0.52132,0.0056099,-0.51692,-0.84465,0.13914,-0.067796,-0.12163,-0.99026
32,0.75746,0,0,0,0.21391,-0.171,-0.085494,0.8515,-0.52431,0.0066791,-0.51863,-0.84027,0.15801,-0.077234,-0.13801,-0.98742
33,0.78548,0,0,0,0.21314,-0.17237,-0.094702,0.84941,-0.52767,0.0078959,-0.52049,-0.83521,0.17753,-0.087085,-0.15491,-0.98408
34,0.81229,0,0,0,0.21232,-0.17383,-0.10348,0.84717,-0.53124,0.0092216,-0.5224,-0.82966,0.1969,-0.09695,-0.17163,-0.98038
35,0.83911,0,0,0,0.21141,-0.17544,-0.11223,0.84468,-0.53516,0.010729,-0.52441,-0.82335,0.21699,-0.10729,-0.18891,-0.97611
36,0.86592,0,0,0,0.2104,-0.17721,-0.12094,0.84193,-0.53945,0.012446,-0.52649,-0.81623,0.23786,-0.11816,-0.20682,-0.97122
37,0.89274,0,0,0,0.20929,-0.17914,-0.12959,0.8389,-0.5441,0.014402,-0.52863,-0.80819,0.25958,-0.1296,-0.22538,-0.96561
38,0.91955,0,0,0,0.20808,-0.18124,-0.1382,0.83558,-0.54912,0.016631,-0.53079,-0.79914,0.2822,-0.14167,-0.24463,-0.95921
39,0.94637,0,0,0,0.20676,-0.18352,-0.14674,0.83195,-0.55452,0.01917,-0.53293,-0.78898,0.30577,-0.15443,-0.2646,-0.95191
40,0.97318,0,0,0,0.20532,-0.18598,-0.15522,0.82799,-0.5603,0.022063,-0.535,-0.7776,0.33033,-0.16793,-0.28532,-0.94361
41,1,0,0,0,0.20375,-0.18862,-0.16361,0.8237,-0.56646,0.025356,-0.53695,-0.76485,0.35594,-0.18223,-0.3068,-0.93417
1,0,0,0,0,0.1451,-0.31353,0.45485,0.90193,-0.42099,-0.096368,-0.27889,-0.39736,-0.87426,0.32976,0.8154,-0.4758
2,0.020028,0,0,0,0.14727,-0.30814,0.45157,0.90778,-0.41248,-0.076078,-0.26923,-0.43395,-0.85977,0.32163,0.80097,-0.50498
3,0.040056,0,0,0,0.14939,-0.30284,0.4481,0.91298,-0.40392,-0.057648,-0.26128,-0.47025,-0.84297,0.31338,0.78467,-0.53486
4,0.060083,0,0,0,0.15145,-0.29767,0.44443,0.91757,-0.39545,-0.041087,-0.25496,-0.50597,-0.82401,0.30506,0.76656,-0.56509
5,0.080111,0,0,0,0.15346,-0.29261,0.44056,0.92161,-0.38721,-0.026375,-0.25021,-0.54083,-0.80306,0.29669,0.74671,-0.59532
6,0.10173,0,0,0,0.15557,-0.28732,0.43615,0.92541,-0.37875,-0.012514,-0.24676,-0.57721,-0.77842,0.2876,0.72345,-0.62762
7,0.12336,0,0,0,0.15761,-0.28219,0.43152,0.92868,-0.37089,-0.00066602,-0.24496,-0.612,-0.75196,0.27849,0.69849,-0.65921
8,0.14498,0,0,0,0.15958,-0.27725,0.42665,0.93144,-0.36378,0.0092846,-0.24469,-0.64499,-0.72395,0.26935,0.67205,-0.68979
9,0.16661,0,0,0,0.16149,-0.27251,0.42158,0.93374,-0.35753,0.017473,-0.24584,-0.67598,-0.6947,0.26019,0.64437,-0.71909
10,0.1882,0,0,0,0.16333,-0.26797,0.4163,0.9356,-0.35225,0.024044,-0.24828,-0.7048,-0.66454,0.25103,0.61577,-0.74687
11,0.2098,0,0,0,0.1651,-0.26364,0.41083,0.93704,-0.348,0.029166,-0.2519,-0.73138,-0.63374,0.24187,0.58649,-0.773
12,0.2314,0,0,0,0.16681,-0.25953,0.40517,0.93809,-0.34482,0.033002,-0.25657,-0.75567,-0.6026,0.23273,0.55683,-0.79736
13,0.253,0,0,0,0.16845,-0.25563,0.39935,0.93875,-0.34273,0.035716,-0.26218,-0.77766,-0.57142,0.22362,0.52705,-0.81988
14,0.27649,0,0,0,0.17017,-0.25162,0.39284,0.93906,-0.3417,0.037577,-0.26921,-0.79897,-0.53775,0.21377,0.49486,-0.84227
15,0.29999,0,0,0,0.1718,-0.24787,0.38616,0.93893,-0.34194,0.038486,-0.27707,-0.81763,-0.50468,0.20404,0.4632,-0.86245
16,0.32349,0,0,0,0.17336,-0.24437,0.37934,0.9384,-0.34338,0.038622,-0.28564,-0.83375,-0.47251,0.19445,0.43238,-0.88048
17,0.34698,0,0,0,0.17485,-0.2411,0.37238,0.93747,-0.34596,0.038142,-0.29478,-0.84745,-0.44151,0.18507,0.40266,-0.89644
18,0.37268,0,0,0,0.17639,-0.23778,0.36463,0.93602,-0.34999,0.037078,-0.3053,-0.85984,-0.40922,0.17511,0.37172,-0.91168
19,0.39838,0,0,0,0.17785,-0.23473,0.35677,0.93413,-0.35515,0.0356,-0.31623,-0.86974,-0.37888,0.16552,0.34267,-0.92476
20,0.42408,0,0,0,0.17923,-0.23191,0.3488,0.93183,-0.36131,0.033837,-0.32745,-0.87737,-0.35071,0.1564,0.31572,-0.93587
21,0.44977,0,0,0,0.18053,-0.22931,0.34074,0.92915,-0.36832,0.03189,-0.33886,-0.88297,-0.32487,0.14781,0.29105,-0.94522
22,0.47707,0,0,0,0.18184,-0.22677,0.3321,0.92592,-0.37656,0.029706,-0.35108,-0.88694,-0.30013,0.13937,0.26747,-0.95343
23,0.50437,0,0,0,0.18307,-0.22444,0.3234,0.92232,-0.38546,0.027467,-0.3633,-0.88914,-0.2783,0.13169,0.2467,-0.9601
24,0.53167,0,0,0,0.18424,-0.22227,0.31463,0.91839,-0.39486,0.025218,-0.37544,-0.88979,-0.25945,0.12488,0.22881,-0.96543
25,0.55897,0,0,0,0.18534,-0.22026,0.30583,0.91419,-0.40464,0.022981,-0.38743,-0.88913,-0.24361,0.11901,0.21381,-0.9696
26,0.58758,0,0,0,0.18645,-0.21829,0.29657,0.90951,-0.41517,0.020659,-0.39977,-0.88722,-0.23027,0.11393,0.20117,-0.97291
27,0.61619,0,0,0,0.18752,-0.21642,0.28728,0.9046,-0.42587,0.018356,-0.41183,-0.88425,-0.22022,0.11002,0.19165,-0.97528
28,0.6448,0,0,0,0.18856,-0.21462,0.27797,0.89949,-0.43665,0.016057,-0.42356,-0.88037,-0.21343,0.10733,0.18517,-0.97683
29,0.67341,0,0,0,0.18957,-0.21288,0.26865,0.89421,-0.44743,0.01374,-0.43493,-0.87568,-0.20982,0.10591,0.18165,-0.97764
30,0.70143,0,0,0,0.19056,-0.21118,0.25952,0.88891,-0.45793,0.011426,-0.44569,-0.87038,-0.20929,0.10579,0.18095,-0.97779
31,0.72944,0,0,0,0.19155,-0.20949,0.25039,0.88349,-0.46836,0.0090394,-0.45607,-0.86441,-0.21165,0.10694,0.18287,-0.9773
32,0.75746,0,0,0,0.19256,-0.20776,0.24127,0.87797,-0.47868,0.0065473,-0.46606,-0.85779,-0.21677,0.10938,0.18727,-0.9762
33,0.78548,0,0,0,0.1936,-0.20598,0.23216,0.87233,-0.4889,0.0039162,-0.47565,-0.85049,-0.22456,0.11312,0.19403,-0.97445
34,0.81229,0,0,0,0.19463,-0.20421,0.22347,0.86684,-0.49859,0.0012343,-0.48445,-0.84284,-0.23437,0.1179,0.20257,-0.97215
35,0.83911,0,0,0,0.19571,-0.20236,0.21479,0.86123,-0.50821,-0.0016421,-0.4929,-0.83448,-0.24638,0.12384,0.213,-0.96917
36,0.86592,0,0,0,0.19685,-0.2004,0.20614,0.85549,-0.5178,-0.00475,-0.50099,-0.82533,-0.26044,0.13093,0.22518,-0.96548
37,0.89274,0,0,0,0.19805,-0.19833,0.19753,0.84959,-0.52738,-0.00813,-0.50876,-0.81533,-0.27641,0.13914,0.23897,-0.96101
38,0.91955,0,0,0,0.19934,-0.19612,0.18897,0.84351,-0.53699,-0.011827,-0.51621,-0.80438,-0.29412,0.14843,0.2542,-0.95569
39,0.94637,0,0,0,0.20071,-0.19378,0.18045,0.83719,-0.54668,-0.015892,-0.52337,-0.79238,-0.31341,0.15874,0.2707,-0.94948
40,0.97318,0,0,0,0.20218,-0.19128,0.172,0.8306,-0.55649,-0.020381,-0.53027,-0.77923,-0.33409,0.17003,0.2883,-0.94232
41,1,0,0,0,0.20375,-0.18862,0.16361,0.8237,-0.56646,-0.025356,-0.53695,-0.76485,-0.35594,0.18223,0.3068,-0.93417
1,0,0,0,0,0.1451,-0.31353,0.45485,-0.32976,-0.8154,0.4758,-0.27889,-0.39736,-0.87426,0.90193,-0.42099,-0.096368
2,0.020028,0,0,0,0.15109,-0.31638,0.45411,-0.33531,-0.82456,0.45571,-0.30142,-0.36439,-0.88111,0.89259,-0.43281,-0.12636
3,0.040056,0,0,0,0.15701,-0.31931,0.45316,-0.34086,-0.83235,0.43704,-0.3254,-0.33169,-0.88549,0.882,-0.44405,-0.15779
4,0.060083,0,0,0,0.16286,-0.32231,0.452,-0.34635,-0.83889,0.41989,-0.35054,-0.29944,-0.88739,0.87015,-0.45454,-0.19035
5,0.080111,0,0,0,0.16862,-0.32538,0.45061,-0.35171,-0.8443,0.40431,-0.37655,-0.26782,-0.88684,0.85704,-0.46415,-0.22373
6,0.10173,0,0,0,0.17474,-0.32876,0.44887,-0.35724,-0.84902,0.3893,-0.40531,-0.2346,-0.88356,0.84149,-0.47343,-0.26031
7,0.12336,0,0,0,0.18075,-0.3322,0.44686,-0.36242,-0.85273,0.37618,-0.43446,-0.20251,-0.87763,0.82456,-0.4815,-0.29708
8,0.14498,0,0,0,0.18663,-0.33569,0.44459,-0.36715,-0.85559,0.36492,-0.4637,-0.17174,-0.86919,0.80634,-0.48834,-0.33368
9,0.16661,0,0,0,0.19237,-0.33923,0.44205,-0.37134,-0.85775,0.35548,-0.49274,-0.14245,-0.85844,0.78696,-0.49393,-0.36976
10,0.1882,0,0,0,0.19796,-0.34281,0.43926,-0.3749,-0.85936,0.34778,-0.52132,-0.11479,-0.84561,0.7666,-0.49832,-0.40497
11,0.2098,0,0,0,0.2034,-0.34641,0.43623,-0.37776,-0.86054,0.34172,-0.54924,-0.088849,-0.83093,0.7454,-0.50158,-0.43908
12,0.2314,0,0,0,0.20869,-0.35003,0.43295,-0.37988,-0.8614,0.33717,-0.57633,-0.064705,-0.81465,0.72356,-0.50379,-0.47187
13,0.253,0,0,0,0.21382,-0.35366,0.42944,-0.38122,-0.86204,0.33401,-0.60242,-0.042421,-0.79705,0.70126,-0.50507,-0.50314
14,0.27649,0,0,0,0.21922,-0.35762,0.42537,-0.38175,-0.86258,0.332,-0.62954,-0.020336,-0.7767,0.67672,-0.50551,-0.53526
15,0.29999,0,0,0,0.22442,-0.36157,0.42106,-0.3813,-0.86304,0.33131,-0.65521,-0.00051969,-0.75544,0.65215,-0.50513,-0.56528
16,0.32349,0,0,0,0.22943,-0.36553,0.41652,-0.37989,-0.86349,0.33175,-0.67936,0.017034,-0.73361,0.62781,-0.50407,-0.59309
17,0.34698,0,0,0,0.23425,-0.36947,0.41177,-0.37754,-0.86398,0.33317,-0.70193,0.032354,-0.71151,0.60395,-0.50249,-0.61867
18,0.37268,0,0,0,0.23932,-0.37376,0.40636,-0.37395,-0.86458,0.33566,-0.72478,0.04661,-0.6874,0.57867,-0.50033,-0.64406
19,0.39838,0,0,0,0.24417,-0.37804,0.40075,-0.36935,-0.86528,0.33893,-0.74572,0.058342,-0.6637,0.55451,-0.49789,-0.6668
20,0.42408,0,0,0,0.24882,-0.38229,0.39495,-0.36383,-0.86608,0.34283,-0.76479,0.067654,-0.64072,0.53172,-0.49531,-0.68698
21,0.44977,0,0,0,0.25328,-0.38652,0.38899,-0.35749,-0.86698,0.34721,-0.78203,0.074663,-0.61875,0.51052,-0.49272,-0.70469
22,0.47707,0,0,0,0.25783,-0.39099,0.3825,-0.34996,-0.86802,0.35224,-0.79843,0.079726,-0.59679,0.48994,-0.49009,-0.72095
23,0.50437,0,0,0,0.26221,-0.39544,0.37588,-0.34173,-0.86913,0.35755,-0.81294,0.082484,-0.57648,0.47154,-0.48766,-0.73473
24,0.53167,0,0,0,0.26642,-0.39987,0.36914,-0.33293,-0.87027,0.36303,-0.82566,0.083088,-0.55801,0.45546,-0.48552,-0.74621
25,0.55897,0,0,0,0.2705,-0.40428,0.3623,-0.32366,-0.87141,0.36862,-0.83669,0.081683,-0.54154,0.4418,-0.4837,-0.75554
26,0.58758,0,0,0,0.27466,-0.40888,0.35506,-0.31357,-0.87258,0.37453,-0.84654,0.078207,-0.52654,0.43016,-0.48217,-0.7632
27,0.61619,0,0,0,0.27871,-0.41347,0.34775,-0.3032,-0.87368,0.38046,-0.85473,0.072821,-0.51393,0.42131,-0.48102,-0.76884
28,0.6448,0,0,0,0.2827,-0.41806,0.3404,-0.29264,-0.87469,0.38637,-0.86135,0.065656,-0.50375,0.41526,-0.48022,-0.77263
29,0.67341,0,0,0,0.28664,-0.42263,0.33302,-0.28197,-0.87557,0.39227,-0.86647,0.056824,-0.49599,0.41199,-0.47974,-0.77467
30,0.70143,0,0,0,0.29048,-0.42711,0.32579,-0.27147,-0.87629,0.39803,-0.87007,0.046652,-0.49072,0.41144,-0.47953,-0.77509
31,0.72944,0,0,0,0.29433,-0.43159,0.31855,-0.26097,-0.87684,0.40378,-0.87232,0.03505,-0.48768,0.41346,-0.4795,-0.77403
32,0.75746,0,0,0,0.29821,-0.43607,0.31134,-0.25049,-0.87722,0.40956,-0.87324,0.02208,-0.48679,0.41798,-0.47958,-0.77155
33,0.78548,0,0,0,0.30215,-0.44055,0.30415,-0.24005,-0.8774,0.41538,-0.87284,0.0077902,-0.48795,0.42489,-0.47969,-0.7677
34,0.81229,0,0,0,0.30598,-0.44483,0.29731,-0.23008,-0.87738,0.42103,-0.87121,-0.0070881,-0.49085,0.43365,-0.47974,-0.76275
35,0.83911,0,0,0,0.3099,-0.44912,0.29052,-0.22012,-0.87715,0.42679,-0.86837,-0.023115,-0.49537,0.44438,-0.47966,-0.75661
36,0.86592,0,0,0,0.31393,-0.45341,0.28379,-0.21015,-0.8767,0.4327,-0.8643,-0.040272,-0.50136,0.45697,-0.47935,-0.74927
37,0.89274,0,0,0,0.31808,-0.45769,0.27713,-0.20014,-0.87601,0.43881,-0.85898,-0.058543,-0.50866,0.47128,-0.47873,-0.74075
38,0.91955,0,0,0,0.32236,-0.46196,0.27055,-0.19005,-0.87505,0.44516,-0.85239,-0.077915,-0.51707,0.48714,-0.47772,-0.73108
39,0.94637,0,0,0,0.32679,-0.46623,0.26406,-0.17983,-0.8738,0.45182,-0.84453,-0.098375,-0.52639,0.50441,-0.47624,-0.72026
40,0.97318,0,0,0,0.33138,-0.47047,0.25768,-0.16944,-0.87222,0.45883,-0.83539,-0.11991,-0.53642,0.5229,-0.47419,-0.70832
41,1,0,0,0,0.33614,-0.4747,0.25141,-0.15881,-0.87027,0.46627,-0.82496,-0.14249,-0.54693,0.54241,-0.47152,-0.69531
1,0,0,0,0,0.20375,-0.18862,0.16361,-0.56967,0.01754,0.82169,-0.53695,-0.76485,-0.35594,0.62222,-0.64397,0.44513
2,0.020028,0,0,0,0.20787,-0.19298,0.16656,-0.57278,0.012608,0.81962,-0.54616,-0.75148,-0.37012,0.61126,-0.65964,0.43731
3,0.040056,0,0,0,0.21191,-0.19743,0.16945,-0.57575,0.008015,0.81759,-0.55486,-0.73829,-0.38349,0.60054,-0.67444,0.42951
4,0.060083,0,0,0,0.21589,-0.20198,0.17229,-0.57858,0.0037425,0.81562,-0.56307,-0.72529,-0.39611,0.59008,-0.68843,0.42175
5,0.080111,0,0,0,0.2198,-0.20662,0.17508,-0.58128,-0.00022911,0.8137,-0.57086,-0.7125,-0.408,0.57986,-0.70167,0.41403
6,0.10173,0,0,0,0.22394,-0.21173,0.17804,-0.58404,-0.0041996,0.81172,-0.57881,-0.69894,-0.42008,0.5691,-0.71517,0.40577
7,0.12336,0,0,0,0.228,-0.21693,0.18094,-0.58663,-0.0078608,0.80982,-0.58635,-0.68563,-0.43141,0.55862,-0.72791,0.3976
8,0.14498,0,0,0,0.23199,-0.22222,0.18377,-0.58907,-0.011232,0.80801,-0.59351,-0.67257,-0.44204,0.5484,-0.73995,0.38952
9,0.16661,0,0,0,0.23591,-0.2276,0.18655,-0.59134,-0.014331,0.80629,-0.60033,-0.65976,-0.45201,0.53844,-0.75134,0.38154
10,0.1882,0,0,0,0.23975,-0.23305,0.18927,-0.59346,-0.017172,0.80468,-0.60684,-0.64722,-0.46136,0.52873,-0.76211,0.37368
11,0.2098,0,0,0,0.24352,-0.23857,0.19193,-0.59542,-0.019774,0.80317,-0.61308,-0.63491,-0.47013,0.51924,-0.77234,0.36591
12,0.2314,0,0,0,0.24723,-0.24417,0.19454,-0.59722,-0.022151,0.80177,-0.61909,-0.62282,-0.47835,0.50996,-0.78205,0.35825
13,0.253,0,0,0,0.25087,-0.24984,0.19709,-0.59886,-0.024316,0.80048,-0.62489,-0.61094,-0.48606,0.50087,-0.7913,0.35068
14,0.27649,0,0,0,0.25476,-0.25607,0.19981,-0.60048,-0.026445,0.7992,-0.631,-0.59824,-0.4939,0.49118,-0.80088,0.34255
15,0.29999,0,0,0,0.25857,-0.26238,0.20246,-0.60192,-0.028353,0.79805,-0.63693,-0.58575,-0.50121,0.48167,-0.80999,0.33452
16,0.32349,0,0,0,0.2623,-0.26876,0.20505,-0.60318,-0.030052,0.79704,-0.64272,-0.57345,-0.50801,0.47233,-0.81869,0.32657
17,0.34698,0,0,0,0.26597,-0.27521,0.20758,-0.60425,-0.031554,0.79617,-0.64838,-0.5613,-0.51434,0.46312,-0.82701,0.31871
18,0.37268,0,0,0,0.26989,-0.28233,0.21027,-0.60523,-0.032986,0.79537,-0.65447,-0.54816,-0.52075,0.45317,-0.83572,0.31018
19,0.39838,0,0,0,0.27373,-0.28953,0.21289,-0.60599,-0.034209,0.79473,-0.66049,-0.53514,-0.52667,0.44331,-0.84407,0.3017
20,0.42408,0,0,0,0.27749,-0.29679,0.21544,-0.60655,-0.035236,0.79427,-0.66646,-0.5222,-0.53211,0.43352,-0.85209,0.29326
21,0.44977,0,0,0,0.28116,-0.30413,0.21792,-0.60688,-0.036078,0.79397,-0.67241,-0.5093,-0.5371,0.42375,-0.85983,0.28483
22,0.47707,0,0,0,0.28497,-0.31199,0.22047,-0.607,-0.036781,0.79385,-0.67874,-0.49559,-0.54195,0.41336,-0.86778,0.27586
23,0.50437,0,0,0,0.28868,-0.31992,0.22294,-0.60688,-0.037298,0.79392,-0.68511,-0.48182,-0.54633,0.4029,-0.87548,0.26685
24,0.53167,0,0,0,0.2923,-0.32793,0.22533,-0.6065,-0.03764,0.79419,-0.69154,-0.46793,-0.55028,0.39234,-0.88296,0.25777
25,0.55897,0,0,0,0.29583,-0.336,0.22763,-0.60586,-0.037815,0.79467,-0.69807,-0.45387,-0.55381,0.38162,-0.89027,0.24859
26,0.58758,0,0,0,0.29941,-0.34452,0.22996,-0.60492,-0.037832,0.79539,-0.70503,-0.43888,-0.55707,0.37016,-0.89775,0.23881
27,0.61619,0,0,0,0.30289,-0.35312,0.23219,-0.60367,-0.037687,0.79634,-0.71213,-0.42356,-0.55988,0.3584,-0.90508,0.22885
28,0.6448,0,0,0,0.30625,-0.36179,0.23432,-0.60211,-0.037391,0.79754,-0.71941,-0.40784,-0.56225,0.34629,-0.91229,0.21866
29,0.67341,0,0,0,0.30949,-0.37052,0.23636,-0.60023,-0.036955,0.79897,-0.72687,-0.39163,-0.56417,0.33375,-0.91938,0.2082
30,0.70143,0,0,0,0.31255,-0.37914,0.23825,-0.59806,-0.036403,0.80062,-0.73437,-0.3752,-0.56563,0.32099,-0.92623,0.19766
31,0.72944,0,0,0,0.31549,-0.38783,0.24005,-0.59555,-0.035738,0.80252,-0.74206,-0.35815,-0.56663,0.30767,-0.93298,0.18678
32,0.75746,0,0,0,0.31829,-0.39657,0.24174,-0.59268,-0.034972,0.80468,-0.74996,-0.34039,-0.56718,0.29374,-0.93963,0.17551
33,0.78548,0,0,0,0.32097,-0.40538,0.24333,-0.58943,-0.034119,0.8071,-0.75807,-0.32182,-0.56724,0.2791,-0.94618,0.16383
34,0.81229,0,0,0,0.3234,-0.41387,0.24474,-0.58595,-0.033234,0.80967,-0.76602,-0.30322,-0.56681,0.26434,-0.95234,0.15221
35,0.83911,0,0,0,0.32569,-0.42241,0.24605,-0.58208,-0.032298,0.81249,-0.77414,-0.28371,-0.56588,0.24879,-0.95837,0.14014
36,0.86592,0,0,0,0.32785,-0.431,0.24724,-0.57779,-0.031329,0.81558,-0.78241,-0.26321,-0.5644,0.23235,-0.96423,0.12757
37,0.89274,0,0,0,0.32985,-0.43965,0.24832,-0.57306,-0.030346,0.81895,-0.79082,-0.24163,-0.56233,0.21494,-0.96989,0.11447
38,0.91955,0,0,0,0.33169,-0.44834,0.24929,-0.56787,-0.029372,0.8226,-0.79933,-0.21886,-0.55962,0.19647,-0.97531,0.10081
39,0.94637,0,0,0,0.33336,-0.45709,0.25013,-0.56217,-0.028434,0.82653,-0.80789,-0.19481,-0.5562,0.17684,-0.98043,0.086548
40,0.97318,0,0,0,0.33484,-0.46587,0.25083,-0.55595,-0.027563,0.83076,-0.81646,-0.16939,-0.552,0.15594,-0.98516,0.071668
41,1,0,0,0,0.33614,-0.4747,0.25141,-0.54915,-0.026795,0.83529,-0.82496,-0.14249,-0.54693,0.13367,-0.98943,0.056142
0,0,0,0,0,0,0,0,0,0,0,0,0,0,0,0,0
0,0,0,0,0,0,0,0,0,0,0,0,0,0,0,0,0
0,0,0,0,0,0,0,0,0,0,0,0,0,0,0,0,0
0,0,0,0,0,0,0,0,0,0,0,0,0,0,0,0,0
0,0,0,0,0,0,0,0,0,0,0,0,0,0,0,0,0
0,0,0,0,0,0,0,0,0,0,0,0,0,0,0,0,0
0,0,0,0,0,0,0,0,0,0,0,0,0,0,0,0,0
0,0,0,0,0,0,0,0,0,0,0,0,0,0,0,0,0
0,0,0,0,0,0,0,0,0,0,0,0,0,0,0,0,0
0,0,0,0,0,0,0,0,0,0,0,0,0,0,0,0,0
0,0,0,0,0,0,0,0,0,0,0,0,0,0,0,0,0
0,0,0,0,0,0,0,0,0,0,0,0,0,0,0,0,0
0,0,0,0,0,0,0,0,0,0,0,0,0,0,0,0,0
0,0,0,0,0,0,0,0,0,0,0,0,0,0,0,0,0
0,0,0,0,0,0,0,0,0,0,0,0,0,0,0,0,0
0,0,0,0,0,0,0,0,0,0,0,0,0,0,0,0,0
0,0,0,0,0,0,0,0,0,0,0,0,0,0,0,0,0
0,0,0,0,0,0,0,0,0,0,0,0,0,0,0,0,0
0,0,0,0,0,0,0,0,0,0,0,0,0,0,0,0,0
0,0,0,0,0,0,0,0,0,0,0,0,0,0,0,0,0
0,0,0,0,0,0,0,0,0,0,0,0,0,0,0,0,0
0,0,0,0,0,0,0,0,0,0,0,0,0,0,0,0,0
0,0,0,0,0,0,0,0,0,0,0,0,0,0,0,0,0
0,0,0,0,0,0,0,0,0,0,0,0,0,0,0,0,0
0,0,0,0,0,0,0,0,0,0,0,0,0,0,0,0,0
0,0,0,0,0,0,0,0,0,0,0,0,0,0,0,0,0
0,0,0,0,0,0,0,0,0,0,0,0,0,0,0,0,0
0,0,0,0,0,0,0,0,0,0,0,0,0,0,0,0,0
0,0,0,0,0,0,0,0,0,0,0,0,0,0,0,0,0
0,0,0,0,0,0,0,0,0,0,0,0,0,0,0,0,0
0,0,0,0,0,0,0,0,0,0,0,0,0,0,0,0,0
0,0,0,0,0,0,0,0,0,0,0,0,0,0,0,0,0
0,0,0,0,0,0,0,0,0,0,0,0,0,0,0,0,0
0,0,0,0,0,0,0,0,0,0,0,0,0,0,0,0,0
0,0,0,0,0,0,0,0,0,0,0,0,0,0,0,0,0
0,0,0,0,0,0,0,0,0,0,0,0,0,0,0,0,0
0,0,0,0,0,0,0,0,0,0,0,0,0,0,0,0,0
0,0,0,0,0,0,0,0,0,0,0,0,0,0,0,0,0
0,0,0,0,0,0,0,0,0,0,0,0,0,0,0,0,0
0,0,0,0,0,0,0,0,0,0,0,0,0,0,0,0,0
0,0,0,0,0,0,0,0,0,0,0,0,0,0,0,0,0
0,0,0,0,0,0,0,0,0,0,0,0,0,0,0,0,0
0,0,0,0,0,0,0,0,0,0,0,0,0,0,0,0,0
0,0,0,0,0,0,0,0,0,0,0,0,0,0,0,0,0
0,0,0,0,0,0,0,0,0,0,0,0,0,0,0,0,0
0,0,0,0,0,0,0,0,0,0,0,0,0,0,0,0,0
0,0,0,0,0,0,0,0,0,0,0,0,0,0,0,0,0
0,0,0,0,0,0,0,0,0,0,0,0,0,0,0,0,0
0,0,0,0,0,0,0,0,0,0,0,0,0,0,0,0,0
0,0,0,0,0,0,0,0,0,0,0,0,0,0,0,0,0
0,0,0,0,0,0,0,0,0,0,0,0,0,0,0,0,0
0,0,0,0,0,0,0,0,0,0,0,0,0,0,0,0,0
0,0,0,0,0,0,0,0,0,0,0,0,0,0,0,0,0
0,0,0,0,0,0,0,0,0,0,0,0,0,0,0,0,0
0,0,0,0,0,0,0,0,0,0,0,0,0,0,0,0,0
0,0,0,0,0,0,0,0,0,0,0,0,0,0,0,0,0
0,0,0,0,0,0,0,0,0,0,0,0,0,0,0,0,0
0,0,0,0,0,0,0,0,0,0,0,0,0,0,0,0,0
0,0,0,0,0,0,0,0,0,0,0,0,0,0,0,0,0
0,0,0,0,0,0,0,0,0,0,0,0,0,0,0,0,0
0,0,0,0,0,0,0,0,0,0,0,0,0,0,0,0,0
0,0,0,0,0,0,0,0,0,0,0,0,0,0,0,0,0
0,0,0,0,0,0,0,0,0,0,0,0,0,0,0,0,0
0,0,0,0,0,0,0,0,0,0,0,0,0,0,0,0,0
0,0,0,0,0,0,0,0,0,0,0,0,0,0,0,0,0
0,0,0,0,0,0,0,0,0,0,0,0,0,0,0,0,0
0,0,0,0,0,0,0,0,0,0,0,0,0,0,0,0,0
0,0,0,0,0,0,0,0,0,0,0,0,0,0,0,0,0
0,0,0,0,0,0,0,0,0,0,0,0,0,0,0,0,0
0,0,0,0,0,0,0,0,0,0,0,0,0,0,0,0,0
0,0,0,0,0,0,0,0,0,0,0,0,0,0,0,0,0
0,0,0,0,0,0,0,0,0,0,0,0,0,0,0,0,0
0,0,0,0,0,0,0,0,0,0,0,0,0,0,0,0,0
0,0,0,0,0,0,0,0,0,0,0,0,0,0,0,0,0
0,0,0,0,0,0,0,0,0,0,0,0,0,0,0,0,0
0,0,0,0,0,0,0,0,0,0,0,0,0,0,0,0,0
0,0,0,0,0,0,0,0,0,0,0,0,0,0,0,0,0
0,0,0,0,0,0,0,0,0,0,0,0,0,0,0,0,0
0,0,0,0,0,0,0,0,0,0,0,0,0,0,0,0,0
0,0,0,0,0,0,0,0,0,0,0,0,0,0,0,0,0
0,0,0,0,0,0,0,0,0,0,0,0,0,0,0,0,0
0,0,0,0,0,0,0,0,0,0,0,0,0,0,0,0,0
0,0,0,0,0,0,0,0,0,0,0,0,0,0,0,0,0
0,0,0,0,0,0,0,0,0,0,0,0,0,0,0,0,0
0,0,0,0,0,0,0,0,0,0,0,0,0,0,0,0,0
0,0,0,0,0,0,0,0,0,0,0,0,0,0,0,0,0
0,0,0,0,0,0,0,0,0,0,0,0,0,0,0,0,0
0,0,0,0,0,0,0,0,0,0,0,0,0,0,0,0,0
0,0,0,0,0,0,0,0,0,0,0,0,0,0,0,0,0
0,0,0,0,0,0,0,0,0,0,0,0,0,0,0,0,0
0,0,0,0,0,0,0,0,0,0,0,0,0,0,0,0,0
0,0,0,0,0,0,0,0,0,0,0,0,0,0,0,0,0
0,0,0,0,0,0,0,0,0,0,0,0,0,0,0,0,0
0,0,0,0,0,0,0,0,0,0,0,0,0,0,0,0,0
0,0,0,0,0,0,0,0,0,0,0,0,0,0,0,0,0
0,0,0,0,0,0,0,0,0,0,0,0,0,0,0,0,0
0,0,0,0,0,0,0,0,0,0,0,0,0,0,0,0,0
0,0,0,0,0,0,0,0,0,0,0,0,0,0,0,0,0
0,0,0,0,0,0,0,0,0,0,0,0,0,0,0,0,0
0,0,0,0,0,0,0,0,0,0,0,0,0,0,0,0,0
0,0,0,0,0,0,0,0,0,0,0,0,0,0,0,0,0
0,0,0,0,0,0,0,0,0,0,0,0,0,0,0,0,0
0,0,0,0,0,0,0,0,0,0,0,0,0,0,0,0,0
0,0,0,0,0,0,0,0,0,0,0,0,0,0,0,0,0
0,0,0,0,0,0,0,0,0,0,0,0,0,0,0,0,0
0,0,0,0,0,0,0,0,0,0,0,0,0,0,0,0,0
0,0,0,0,0,0,0,0,0,0,0,0,0,0,0,0,0
0,0,0,0,0,0,0,0,0,0,0,0,0,0,0,0,0
0,0,0,0,0,0,0,0,0,0,0,0,0,0,0,0,0
0,0,0,0,0,0,0,0,0,0,0,0,0,0,0,0,0
0,0,0,0,0,0,0,0,0,0,0,0,0,0,0,0,0
0,0,0,0,0,0,0,0,0,0,0,0,0,0,0,0,0
0,0,0,0,0,0,0,0,0,0,0,0,0,0,0,0,0
0,0,0,0,0,0,0,0,0,0,0,0,0,0,0,0,0
0,0,0,0,0,0,0,0,0,0,0,0,0,0,0,0,0
0,0,0,0,0,0,0,0,0,0,0,0,0,0,0,0,0
0,0,0,0,0,0,0,0,0,0,0,0,0,0,0,0,0
0,0,0,0,0,0,0,0,0,0,0,0,0,0,0,0,0
0,0,0,0,0,0,0,0,0,0,0,0,0,0,0,0,0
0,0,0,0,0,0,0,0,0,0,0,0,0,0,0,0,0
0,0,0,0,0,0,0,0,0,0,0,0,0,0,0,0,0
0,0,0,0,0,0,0,0,0,0,0,0,0,0,0,0,0
0,0,0,0,0,0,0,0,0,0,0,0,0,0,0,0,0
0,0,0,0,0,0,0,0,0,0,0,0,0,0,0,0,0
0,0,0,0,0,0,0,0,0,0,0,0,0,0,0,0,0
0,0,0,0,0,0,0,0,0,0,0,0,0,0,0,0,0
0,0,0,0,0,0,0,0,0,0,0,0,0,0,0,0,0
0,0,0,0,0,0,0,0,0,0,0,0,0,0,0,0,0
0,0,0,0,0,0,0,0,0,0,0,0,0,0,0,0,0
0,0,0,0,0,0,0,0,0,0,0,0,0,0,0,0,0
0,0,0,0,0,0,0,0,0,0,0,0,0,0,0,0,0
0,0,0,0,0,0,0,0,0,0,0,0,0,0,0,0,0
0,0,0,0,0,0,0,0,0,0,0,0,0,0,0,0,0
0,0,0,0,0,0,0,0,0,0,0,0,0,0,0,0,0
0,0,0,0,0,0,0,0,0,0,0,0,0,0,0,0,0
0,0,0,0,0,0,0,0,0,0,0,0,0,0,0,0,0
0,0,0,0,0,0,0,0,0,0,0,0,0,0,0,0,0
0,0,0,0,0,0,0,0,0,0,0,0,0,0,0,0,0
0,0,0,0,0,0,0,0,0,0,0,0,0,0,0,0,0
0,0,0,0,0,0,0,0,0,0,0,0,0,0,0,0,0
0,0,0,0,0,0,0,0,0,0,0,0,0,0,0,0,0
0,0,0,0,0,0,0,0,0,0,0,0,0,0,0,0,0
0,0,0,0,0,0,0,0,0,0,0,0,0,0,0,0,0
0,0,0,0,0,0,0,0,0,0,0,0,0,0,0,0,0
0,0,0,0,0,0,0,0,0,0,0,0,0,0,0,0,0
0,0,0,0,0,0,0,0,0,0,0,0,0,0,0,0,0
0,0,0,0,0,0,0,0,0,0,0,0,0,0,0,0,0
0,0,0,0,0,0,0,0,0,0,0,0,0,0,0,0,0
0,0,0,0,0,0,0,0,0,0,0,0,0,0,0,0,0
0,0,0,0,0,0,0,0,0,0,0,0,0,0,0,0,0
0,0,0,0,0,0,0,0,0,0,0,0,0,0,0,0,0
0,0,0,0,0,0,0,0,0,0,0,0,0,0,0,0,0
0,0,0,0,0,0,0,0,0,0,0,0,0,0,0,0,0
0,0,0,0,0,0,0,0,0,0,0,0,0,0,0,0,0
0,0,0,0,0,0,0,0,0,0,0,0,0,0,0,0,0
0,0,0,0,0,0,0,0,0,0,0,0,0,0,0,0,0
0,0,0,0,0,0,0,0,0,0,0,0,0,0,0,0,0
0,0,0,0,0,0,0,0,0,0,0,0,0,0,0,0,0
0,0,0,0,0,0,0,0,0,0,0,0,0,0,0,0,0
0,0,0,0,0,0,0,0,0,0,0,0,0,0,0,0,0
0,0,0,0,0,0,0,0,0,0,0,0,0,0,0,0,0
0,0,0,0,0,0,0,0,0,0,0,0,0,0,0,0,0
0,0,0,0,0,0,0,0,0,0,0,0,0,0,0,0,0
0,0,0,0,0,0,0,0,0,0,0,0,0,0,0,0,0
0,0,0,0,0,0,0,0,0,0,0,0,0,0,0,0,0
0,0,0,0,0,0,0,0,0,0,0,0,0,0,0,0,0
0,0,0,0,0,0,0,0,0,0,0,0,0,0,0,0,0
0,0,0,0,0,0,0,0,0,0,0,0,0,0,0,0,0
0,0,0,0,0,0,0,0,0,0,0,0,0,0,0,0,0
0,0,0,0,0,0,0,0,0,0,0,0,0,0,0,0,0
0,0,0,0,0,0,0,0,0,0,0,0,0,0,0,0,0
0,0,0,0,0,0,0,0,0,0,0,0,0,0,0,0,0
0,0,0,0,0,0,0,0,0,0,0,0,0,0,0,0,0
0,0,0,0,0,0,0,0,0,0,0,0,0,0,0,0,0
0,0,0,0,0,0,0,0,0,0,0,0,0,0,0,0,0
0,0,0,0,0,0,0,0,0,0,0,0,0,0,0,0,0
0,0,0,0,0,0,0,0,0,0,0,0,0,0,0,0,0
0,0,0,0,0,0,0,0,0,0,0,0,0,0,0,0,0
0,0,0,0,0,0,0,0,0,0,0,0,0,0,0,0,0
0,0,0,0,0,0,0,0,0,0,0,0,0,0,0,0,0
0,0,0,0,0,0,0,0,0,0,0,0,0,0,0,0,0
0,0,0,0,0,0,0,0,0,0,0,0,0,0,0,0,0
0,0,0,0,0,0,0,0,0,0,0,0,0,0,0,0,0
0,0,0,0,0,0,0,0,0,0,0,0,0,0,0,0,0
0,0,0,0,0,0,0,0,0,0,0,0,0,0,0,0,0
0,0,0,0,0,0,0,0,0,0,0,0,0,0,0,0,0
0,0,0,0,0,0,0,0,0,0,0,0,0,0,0,0,0
0,0,0,0,0,0,0,0,0,0,0,0,0,0,0,0,0
0,0,0,0,0,0,0,0,0,0,0,0,0,0,0,0,0
0,0,0,0,0,0,0,0,0,0,0,0,0,0,0,0,0
0,0,0,0,0,0,0,0,0,0,0,0,0,0,0,0,0
0,0,0,0,0,0,0,0,0,0,0,0,0,0,0,0,0
0,0,0,0,0,0,0,0,0,0,0,0,0,0,0,0,0
0,0,0,0,0,0,0,0,0,0,0,0,0,0,0,0,0
0,0,0,0,0,0,0,0,0,0,0,0,0,0,0,0,0
0,0,0,0,0,0,0,0,0,0,0,0,0,0,0,0,0
0,0,0,0,0,0,0,0,0,0,0,0,0,0,0,0,0
0,0,0,0,0,0,0,0,0,0,0,0,0,0,0,0,0
0,0,0,0,0,0,0,0,0,0,0,0,0,0,0,0,0
0,0,0,0,0,0,0,0,0,0,0,0,0,0,0,0,0
0,0,0,0,0,0,0,0,0,0,0,0,0,0,0,0,0
0,0,0,0,0,0,0,0,0,0,0,0,0,0,0,0,0
0,0,0,0,0,0,0,0,0,0,0,0,0,0,0,0,0
0,0,0,0,0,0,0,0,0,0,0,0,0,0,0,0,0
0,0,0,0,0,0,0,0,0,0,0,0,0,0,0,0,0
0,0,0,0,0,0,0,0,0,0,0,0,0,0,0,0,0
0,0,0,0,0,0,0,0,0,0,0,0,0,0,0,0,0
0,0,0,0,0,0,0,0,0,0,0,0,0,0,0,0,0
0,0,0,0,0,0,0,0,0,0,0,0,0,0,0,0,0
0,0,0,0,0,0,0,0,0,0,0,0,0,0,0,0,0
0,0,0,0,0,0,0,0,0,0,0,0,0,0,0,0,0
0,0,0,0,0,0,0,0,0,0,0,0,0,0,0,0,0
0,0,0,0,0,0,0,0,0,0,0,0,0,0,0,0,0
0,0,0,0,0,0,0,0,0,0,0,0,0,0,0,0,0
0,0,0,0,0,0,0,0,0,0,0,0,0,0,0,0,0
0,0,0,0,0,0,0,0,0,0,0,0,0,0,0,0,0
0,0,0,0,0,0,0,0,0,0,0,0,0,0,0,0,0
0,0,0,0,0,0,0,0,0,0,0,0,0,0,0,0,0
0,0,0,0,0,0,0,0,0,0,0,0,0,0,0,0,0
0,0,0,0,0,0,0,0,0,0,0,0,0,0,0,0,0
0,0,0,0,0,0,0,0,0,0,0,0,0,0,0,0,0
0,0,0,0,0,0,0,0,0,0,0,0,0,0,0,0,0
0,0,0,0,0,0,0,0,0,0,0,0,0,0,0,0,0
0,0,0,0,0,0,0,0,0,0,0,0,0,0,0,0,0
0,0,0,0,0,0,0,0,0,0,0,0,0,0,0,0,0
0,0,0,0,0,0,0,0,0,0,0,0,0,0,0,0,0
0,0,0,0,0,0,0,0,0,0,0,0,0,0,0,0,0
0,0,0,0,0,0,0,0,0,0,0,0,0,0,0,0,0
0,0,0,0,0,0,0,0,0,0,0,0,0,0,0,0,0
0,0,0,0,0,0,0,0,0,0,0,0,0,0,0,0,0
0,0,0,0,0,0,0,0,0,0,0,0,0,0,0,0,0
0,0,0,0,0,0,0,0,0,0,0,0,0,0,0,0,0
0,0,0,0,0,0,0,0,0,0,0,0,0,0,0,0,0
0,0,0,0,0,0,0,0,0,0,0,0,0,0,0,0,0
0,0,0,0,0,0,0,0,0,0,0,0,0,0,0,0,0
0,0,0,0,0,0,0,0,0,0,0,0,0,0,0,0,0
0,0,0,0,0,0,0,0,0,0,0,0,0,0,0,0,0
0,0,0,0,0,0,0,0,0,0,0,0,0,0,0,0,0
0,0,0,0,0,0,0,0,0,0,0,0,0,0,0,0,0
0,0,0,0,0,0,0,0,0,0,0,0,0,0,0,0,0
0,0,0,0,0,0,0,0,0,0,0,0,0,0,0,0,0
0,0,0,0,0,0,0,0,0,0,0,0,0,0,0,0,0
0,0,0,0,0,0,0,0,0,0,0,0,0,0,0,0,0
0,0,0,0,0,0,0,0,0,0,0,0,0,0,0,0,0
0,0,0,0,0,0,0,0,0,0,0,0,0,0,0,0,0
0,0,0,0,0,0,0,0,0,0,0,0,0,0,0,0,0
